000000000000000000000011111111111111111100000000000000001100000000000000
000000000000000000000011111111111111111100000000000000001100000011000000
000000000000000000000011111111111111111100000000000000001100001111000002
000000000000000000000011100000000000000000000000000000011111111000000002
000000000000000000000011100000000000000000000000000000011111100000000022
000000000000000000000011100000000000000000000000000000011110000000000222
000000000000000000000011100000000000000000000000000000001000000000002220
000000000000000000000011100000000000000000000000000000000000000000002200
000000000000000000000011100000000000000000000000000000000000000000000000
000000000000000000000011100000000000000000000000000000000000000000000000
000000000000000000000011100000000000000000000000000000222222222222222222
000000000000000000000011100000000000000000000000000000222222222222222222
000000000000000000000011100000000000000000000000000000000000000000000222
000000000000000000000011100000000000000000000000000000000000000000000222
000000000000000000000011100000000000000000000000000000000000000000000222
000000000000000000000011100000000000000000000000000000000000000000000222
000000000000000000000011100000000000000000000000000000002222222222200222
000000000000000000000011100000000000000000000000000000002222222222222222
000000000000000000000011100000000000000000000000000000002220000000000222
000000000000000000000011100000000000000000000000000000000000000000000222
000000000000000000000011100000000000000000000000000000000000000000000222
000000011111111111111111111111111111111111110000000000000000000000000222
000000011111111111111111111111111111111111110000000000000000000000000222
000000011111111111111111111111111111111111110000000022222222222222222222
000000000000000000000000000000000000000000000000000022222222222222222222
000000000000000000000000000000000000000000000000000000000000000000000000
000000000000000000000000000000000000000000000000000000000000000000000000
000000000000000000000000000000000000000000000000000000000000000000000000
000000000000000000000000000000000000000000000000000000000000000000000000
000000000000000000000000000000000000000000000000000000000000000000000000
000000000000000000000000000000000000000000000000000000000000000000000000
000000000000000000000000000000000000000000000000000000000000000000000000
000000000000000000000000000000000000000000000000000000000000000000000000
000000000000000000000000000000000000000000000000000000000000000000000000
000000000000000000000000000000000000000000000000000000000000000000000000
000000000000000000000000000000000000000000000000000000000000000000000000
000000000000000000000000000000000000000000000000000000000000000000000000
000000000000000000000000000000000000000000000000000000000000000000000000
000000000000000000000000000000000000000000000000000000000000000000000000
000000000000000000000000000000000000000000000000000000000000000000000000
000000000000000000000000000000000000000000000000000000000000000000000000
000000000000000000000000000000000000000000000000000000000000000000000000
000000000000000000000000000000000000000000000000000000000000000000000000
000000000000000000000000000000000000000000000000000000000000000000000000
000000000000000000000000000000000000000000000000000000000000000000000000
000000000000000000000000000000000000000000000000000000000000000000000000
000000000000000000000000000000000000000000000000000000000000000000000000
000000000000000000000000000000000000000000000000000000000000000000000000
000000000000000000000000000000000000000000000000000000000000000000000000
000000000000000000000000000000000000000000000000000000000000000000000000
000000000000000000000000000000000000000000000000000000000000000000000000
000000000000000000000000000000000000000000000000000000000000000000000000
000000000000000000000000000000000000000000000000000000000000000000000000
000000000000000000000000000000000000000000000000000000000000000000000000
000000000000000000000000000000000000000000000000000000000000000000000000
000000000000000000000000000000000000000000000000000000000000000000000000
000000000000000000000000000000000000000000000000000000000000000000000000
000000000000000000000000000000000000000000000000000000000000000000000000
110000000000000000000000000000000000000001111000000000000000000000000000
110000000000000000000000000000000000000001110000000000000000000000000000
110000000000000000000000000000000000000001110002200000000000000000000002
100000000000000000000000000000000000000001100002222222222222222222222222
100000000000000000000000000000000000000011100002222222222222222222222222
100000000000011111111111111000000000000011000000000000000000000000220000
100000000000011111111111111000000000000011000000000000000000000000220000
100000000000011000000000111000000000000111000000000000000000000000220000
111111111000011000000000111000000000000111000000000000000000000000220000
111111111000011000000000111000000000001111000000000000000000000000220000
000000111000011000000000111000000000001111000000000000000000000000220000
000000110000011000000000111000000000011111000000111111111111000000220000
000000110000011000000000111000000000011111000000111111111111000000220000
000000110000011000000000111000000000111111000000110000000111000000220000
000000110000011000000000111000000001110111000000110000000111000000220000
000001110000011000000000111000000011100111000000110000000111000000220000
000001110000011000000000111000000001100111000000110000000111000000220000
000001100000011000000000111000000000000111000000110000000111000000220000
000001100000011000000000111000000000000111000000110000000111000000220000
000011100000011000000000111000000000000111000000110000000111000000220000
000011100000011000000000111000000000000111000000110000000111000000220000
000011000000011000000000111000000000000111000000110000000111000000220000
000011000000011000000000111000000000000111000000110000000111000000220000
100111000000011000000000111000000000000111000000110000000111000000220000
111110000000011000000000111000000000000111000000111111111111000000220000
111110000000011000000000111000000000000111000000111111111111000000220000
011111000000011000000000111000000000000111000000110000000111000000220000
011111100000011000000000111000000000000111000000110000000111000000220000
111011111000011000000000111000000000000111000000110000000111000000220000
110000111100011000000000111000000000000111000000110000000000000000220000
100000011000011111111111111000000000000111000000110000000000000000220000
000000001000011111111111111000000000000111000000000000000000000000220000
000000000000011000000000111000000000000111000000000000000000000000220000
000000000000011000000000111000000000000111000000000000000000000002220000
000000000000011000000000111000000000000111000000000000000000022222220000
000000000000011000000000111000000000000111000000000000000000002222220000
000000000000000000000000000000000000000111000000000000000000002222200000
000000000000000000000000000000000000000111000000000000000000000000000000
000000000000000000000000000000000000000000000000000000000000000000000000
000000000000000000000000000000000000000000000000000000000000000000000000
000000000000000000000000000000000000000000000000000000000000000000000000
000000000000000000000000000000000000000000000000000000000000000000000000
000000000000000000000000000000000000000000000000000000000000000000000000
000000000000000000000000000000000000000000000000000000000000000000000000
000000000000000000000000000000000000000000000000000000000000000000000000
000000000000000000000000000000000000000000000000000000000000000000000000
000000000000000000000000000000000000000000000000000000000000000000000000
000000000000000000000000000000000000000000000000000000000000000000000000
000000000000000000000000000000000000000000000000000000000000000000000000
000000000000000000000000000000000000000000000000000000000000000000000000
000000000000000000000000000000000000000000000000000000000000000000000000
000000000000000000000000000000000000000000000000000000000000000000000000
000000000000000000000000000000000000000000000000000000000000000000000000
000000000000000000000000000000000000000000000000000000000000000000000000
000000000000000000000000000000000000000000000000000000000000000000000000
000000000000000000000000000000000000000000000000000000000000000000000000
000000000000000000000000000000000000000000000000000000000000000000000000
000000000000000000000000000000000000000000000000000000000000000000000000
000000000000000000000000000000000000000000000000000000000000000000000000
000000000000000000000000000000000000000000000000000000000000000000000000
000000000000000000000000000000000000000000000000000000000000000000000000
000000000000000000000000000000000000000000000000000000000000000000000000
000000000000000000000000000000000000000000000000000000000000000000000000
000000000000000000000000000000000000000000000000000000000000000000000000
000000000000000000000000000000000000000000000000000000000000000000000000
000000000000000000000000000000000000000000000000000000000000000000000000
000000000000000000000000000000000000000000000000000000000000000000000000
001000000000000000001110000000000000000000000000000000000000000000000000
111100000000000000001100000000000000000000000011000000000000022200000000
011100000000000000001100000000000000000000000011100000000000022200000000
011100000000000000001100000000000000000000000011100000000000022200000000
001110000000000000001100000000000000000000000111000000000000022200000000
001110000000000000001100000000000000000000000111000000000000022200000000
000000000000000000001100000000000000000000000110000000000000022200000000
000000000001111111111111111111100000000000001110000000000000022200000000
000000000001111111111111111111100000000000001110000000000000022200000000
111111110001110000001100000001100000000000011110000022200000022200000002
111111100001110000001100000001100000000000011110000022200000022200000002
000011100001110000001100000001100000000000011110000022200000022200000002
000011000001110000001100000001100000000000111110000022200000022200000002
000111000001110000001100000001100000000000111110000022200000022200000002
000110000001110000001100000001100000000001111110000022200000022200000002
001100000001110000001100000001100000000011101110000022200000022200000002
011100000001111111111111111111100000000011001110000022200000022200000002
011000000001111111111111111111100000000111001110000022200000022200000002
111000000001110000001100000001100000000110001110000022200000022200000002
111000000001110000001100000001100000000010001110000022200000022200000002
111001100001110000001100000001100000000000001110000022200000022200000002
111000110001110000001100000001100000000000001110000022200000022200000002
011000111001110000001100000001100000000000001110000022200000022200000002
011000010001110000001100000001100000000000001110000022200000022200000002
011000000001110000001100000001100000000000001110000022200000022200000002
011000000001110000001100000001100000000000001110000022200000022200000002
011000000001111111111111111111100000000000001110000022200000022200000002
011000000001110000001100000001100000000000001110000022200000022200000002
011000000001110000001100000001100000000000001110000022200000022200000002
011000000001110000001100000001100000000000001110000022200000022200000002
011000000001110000001100000000000000000000001110000022200000022200000002
011000000000000000001100000000000000000000001110000022200000022200000002
011000000000000000001100000000000000000000001110000022200000022200000222
011000000000000000001100000000000000000000001110000022222222222222222222
011000000000000000001100000000000000000000001110000022222222222222220002
011000000000000000001110000000000000000000001110000022220000000000000002
011000000000000000001110000000000000000000001110000000000000000000000002
011000000000000000001110000000000000000000011110000000000000000000000002
011000000000000000001110000000000000000000011110000000000000000000000000
000000000000000000000000000000000000000000000000000000000000000000000000
000000000000000000000000000000000000000000000000000000000000000000000000
000000000000000000000000000000000000000000000000000000000000000000000000
000000000000000000000000000000000000000000000000000000000000000000000000
000000000000000000000000000000000000000000000000000000000000000000000000
000000000000000000000000000000000000000000000000000000000000000000000000
000000000000000000000000000000000000000000000000000000000000000000000000
000000000000000000000000000000000000000000000000000000000000000000000000
000000000000000000000000000000000000000000000000000000000000000000000000
000000000000000000000000000000000000000000000000000000000000000000000000
000000000000000000000000000000000000000000000000000000000000000000000000
000000000000000000000000000000000000000000000000000000000000000000000000
000000000000000000000000000000000000000000000000000000000000000000000000
000000000000000000000000000000000000000000000000000000000000000000000000
000000000000000000000000000000000000000000000000000000000000000000000000
000000000000000000000000000000000000000000000000000000000000000000000000
